4
894529
0
0
erase 4,878493,884224,885251,902495
new 4,0,430,508,1102
new 2,1102,2126
new 2,2126,3150
new 2,3150,4174
new 2,4174,5198
new 2,5198,6222
new 2,6222,7246
new 2,7246,8270
new 2,8270,9294
new 2,9294,10318
new 2,10318,11342
new 2,11342,12366
new 2,12366,13390
new 2,13390,14414
new 2,14414,15438
new 2,15438,16462
new 2,16462,17486
new 2,17486,18510
new 2,18510,19534
new 2,19534,20558
new 2,20558,21582
new 2,21582,22606
new 2,22606,23630
new 2,23630,24654
new 2,24654,25678
new 2,25678,26702
new 2,26702,27726
new 2,27726,28750
new 2,28750,29774
new 2,29774,30798
new 2,30798,31822
new 4,31822,32771,33276,33351
new 2,33351,34375
new 2,34375,35399
new 2,35399,36423
new 2,36423,37447
new 2,37447,38471
new 2,38471,39495
new 2,39495,40519
new 2,40519,41543
new 2,41543,42567
new 2,42567,43591
new 2,43591,44615
new 2,44615,45639
new 2,45639,46663
new 2,46663,47687
new 2,47687,48711
new 2,48711,49735
new 2,49735,50759
new 2,50759,51783
new 2,51783,52807
new 2,52807,53831
new 2,53831,54855
new 2,54855,55879
new 2,55879,56903
new 2,56903,57927
new 2,57927,58951
new 2,58951,59975
new 2,59975,60999
new 2,60999,62023
new 2,62023,63047
new 2,63047,64071
new 2,64071,65095
new 4,65095,65537,66042,66624
new 2,66624,67648
new 2,67648,68672
new 2,68672,69696
new 2,69696,70720
new 2,70720,71744
new 2,71744,72768
new 2,72768,73792
new 2,73792,74816
new 2,74816,75840
new 2,75840,76864
new 2,76864,77888
new 2,77888,78912
new 2,78912,79936
new 2,79936,80960
new 2,80960,81984
new 2,81984,83008
new 2,83008,84032
new 2,84032,85056
new 2,85056,86080
new 2,86080,87104
new 2,87104,88128
new 2,88128,89152
new 2,89152,90176
new 2,90176,91200
new 2,91200,92224
new 2,92224,93248
new 2,93248,94272
new 2,94272,95296
new 2,95296,96320
new 2,96320,97344
new 4,97344,98307,98812,98873
new 2,98873,99897
new 2,99897,100921
new 2,100921,101945
new 2,101945,102969
new 2,102969,103993
new 2,103993,105017
new 2,105017,106041
new 2,106041,107065
new 2,107065,108089
new 2,108089,109113
new 2,109113,110137
new 2,110137,111161
new 2,111161,112185
new 2,112185,113209
new 2,113209,114233
new 2,114233,115257
new 2,115257,116281
new 2,116281,117305
new 2,117305,118329
new 2,118329,119353
new 2,119353,120377
new 2,120377,121401
new 2,121401,122425
new 2,122425,123449
new 2,123449,124473
new 2,124473,125497
new 2,125497,126521
new 2,126521,127545
new 2,127545,128569
new 2,128569,129593
new 2,129593,130617
new 4,130617,131073,131578,132146
new 2,132146,133170
new 2,133170,134194
new 2,134194,135218
new 2,135218,136242
new 2,136242,137266
new 2,137266,138290
new 2,138290,139314
new 2,139314,140338
new 2,140338,141362
new 2,141362,142386
new 2,142386,143410
new 2,143410,144434
new 2,144434,145458
new 2,145458,146482
new 2,146482,147506
new 2,147506,148530
new 2,148530,149554
new 2,149554,150578
new 2,150578,151602
new 2,151602,152626
new 2,152626,153650
new 2,153650,154674
new 2,154674,155698
new 2,155698,156722
new 2,156722,157746
new 2,157746,158770
new 2,158770,159794
new 2,159794,160818
new 2,160818,161842
new 2,161842,162866
new 4,162866,163843,164348,164395
new 2,164395,165419
new 2,165419,166443
new 2,166443,167467
new 2,167467,168491
new 2,168491,169515
new 2,169515,170539
new 2,170539,171563
new 2,171563,172587
new 2,172587,173611
new 2,173611,174635
new 2,174635,175659
new 2,175659,176683
new 2,176683,177707
new 2,177707,178731
new 2,178731,179755
new 2,179755,180779
new 2,180779,181803
new 2,181803,182827
new 2,182827,183851
new 2,183851,184875
new 2,184875,185899
new 2,185899,186923
new 2,186923,187947
new 2,187947,188971
new 2,188971,189995
new 2,189995,191019
new 2,191019,192043
new 2,192043,193067
new 2,193067,194091
new 2,194091,195115
new 2,195115,196139
new 4,196139,196609,197114,197668
new 2,197668,198692
new 2,198692,199716
new 2,199716,200740
new 2,200740,201764
new 2,201764,202788
new 2,202788,203812
new 2,203812,204836
new 2,204836,205860
new 2,205860,206884
new 2,206884,207908
new 2,207908,208932
new 2,208932,209956
new 2,209956,210980
new 2,210980,212004
new 2,212004,213028
new 2,213028,214052
new 2,214052,215076
new 2,215076,216100
new 2,216100,217124
new 2,217124,218148
new 2,218148,219172
new 2,219172,220196
new 2,220196,221220
new 2,221220,222244
new 2,222244,223268
new 2,223268,224292
new 2,224292,225316
new 2,225316,226340
new 2,226340,227364
new 2,227364,228388
new 4,228388,229379,229884,229917
new 2,229917,230941
new 2,230941,231965
new 2,231965,232989
new 2,232989,234013
new 2,234013,235037
new 2,235037,236061
new 2,236061,237085
new 2,237085,238109
new 2,238109,239133
new 2,239133,240157
new 2,240157,241181
new 2,241181,242205
new 2,242205,243229
new 2,243229,244253
new 2,244253,245277
new 2,245277,246301
new 2,246301,247325
new 2,247325,248349
new 2,248349,249373
new 2,249373,250397
new 2,250397,251421
new 2,251421,252445
new 2,252445,253469
new 2,253469,254493
new 2,254493,255517
new 2,255517,256541
new 2,256541,257565
new 2,257565,258589
new 2,258589,259613
new 2,259613,260637
new 2,260637,261661
new 4,261661,262145,262650,263190
new 2,263190,264214
new 2,264214,265238
new 2,265238,266262
new 2,266262,267286
new 2,267286,268310
new 2,268310,269334
new 2,269334,270358
new 2,270358,271382
new 2,271382,272406
new 2,272406,273430
new 2,273430,274454
new 2,274454,275478
new 2,275478,276502
new 2,276502,277526
new 2,277526,278550
new 2,278550,279574
new 2,279574,280598
new 2,280598,281622
new 2,281622,282646
new 2,282646,283670
new 2,283670,284694
new 2,284694,285718
new 2,285718,286742
new 2,286742,287766
new 2,287766,288790
new 2,288790,289814
new 2,289814,290838
new 2,290838,291862
new 2,291862,292886
new 2,292886,293910
new 4,293910,294915,295420,295439
new 2,295439,296463
new 2,296463,297487
new 2,297487,298511
new 2,298511,299535
new 2,299535,300559
new 2,300559,301583
new 2,301583,302607
new 2,302607,303631
new 2,303631,304655
new 2,304655,305679
new 2,305679,306703
new 2,306703,307727
new 2,307727,308751
new 2,308751,309775
new 2,309775,310799
new 2,310799,311823
new 2,311823,312847
new 2,312847,313871
new 2,313871,314895
new 2,314895,315919
new 2,315919,316943
new 2,316943,317967
new 2,317967,318991
new 2,318991,320015
new 2,320015,321039
new 2,321039,322063
new 2,322063,323087
new 2,323087,324111
new 2,324111,325135
new 2,325135,326159
new 2,326159,327183
new 4,327183,327681,328186,328712
new 2,328712,329736
new 2,329736,330760
new 2,330760,331784
new 2,331784,332808
new 2,332808,333832
new 2,333832,334856
new 2,334856,335880
new 2,335880,336904
new 2,336904,337928
new 2,337928,338952
new 2,338952,339976
new 2,339976,341000
new 2,341000,342024
new 2,342024,343048
new 2,343048,344072
new 2,344072,345096
new 2,345096,346120
new 2,346120,347144
new 2,347144,348168
new 2,348168,349192
new 2,349192,350216
new 2,350216,351240
new 2,351240,352264
new 2,352264,353288
new 2,353288,354312
new 2,354312,355336
new 2,355336,356360
new 2,356360,357384
new 2,357384,358408
new 2,358408,359432
new 4,359432,360449,360954,360961
new 2,360961,361985
new 2,361985,363009
new 2,363009,364033
new 2,364033,365057
new 2,365057,366081
new 2,366081,367105
new 2,367105,368129
new 2,368129,369153
new 2,369153,370177
new 2,370177,371201
new 2,371201,372225
new 2,372225,373249
new 2,373249,374273
new 2,374273,375297
new 2,375297,376321
new 2,376321,377345
new 2,377345,378369
new 2,378369,379393
new 2,379393,380417
new 2,380417,381441
new 2,381441,382465
new 2,382465,383489
new 2,383489,384513
new 2,384513,385537
new 2,385537,386561
new 2,386561,387585
new 2,387585,388609
new 2,388609,389633
new 2,389633,390657
new 2,390657,391681
new 2,391681,392705
new 4,392705,393217,393722,394234
new 2,394234,395258
new 2,395258,396282
new 2,396282,397306
new 2,397306,398330
new 2,398330,399354
new 2,399354,400378
new 2,400378,401402
new 2,401402,402426
new 2,402426,403450
new 2,403450,404474
new 2,404474,405498
new 2,405498,406522
new 2,406522,407546
new 2,407546,408570
new 2,408570,409594
new 2,409594,410618
new 2,410618,411642
new 2,411642,412666
new 2,412666,413690
new 2,413690,414714
new 2,414714,415738
new 2,415738,416762
new 2,416762,417786
new 2,417786,418810
new 2,418810,419834
new 2,419834,420858
new 2,420858,421882
new 2,421882,422906
new 2,422906,423930
new 2,423930,424954
new 2,424954,425978
new 4,425978,425985,426490,427507
new 2,427507,428531
new 2,428531,429555
new 2,429555,430579
new 2,430579,431603
new 2,431603,432627
new 2,432627,433651
new 2,433651,434675
new 2,434675,435699
new 2,435699,436723
new 2,436723,437747
new 2,437747,438771
new 2,438771,439795
new 2,439795,440819
new 2,440819,441843
new 2,441843,442867
new 2,442867,443891
new 2,443891,444915
new 2,444915,445939
new 2,445939,446963
new 2,446963,447987
new 2,447987,449011
new 2,449011,450035
new 2,450035,451059
new 2,451059,452083
new 2,452083,453107
new 2,453107,454131
new 2,454131,455155
new 2,455155,456179
new 2,456179,457203
new 2,457203,458227
new 4,458227,458753,459258,459756
new 2,459756,460780
new 2,460780,461804
new 2,461804,462828
new 2,462828,463852
new 2,463852,464876
new 2,464876,465900
new 2,465900,466924
new 2,466924,467948
new 2,467948,468972
new 2,468972,469996
new 2,469996,471020
new 2,471020,472044
new 2,472044,473068
new 2,473068,474092
new 2,474092,475116
new 2,475116,476140
new 2,476140,477164
new 2,477164,478188
new 2,478188,479212
new 2,479212,480236
new 2,480236,481260
new 2,481260,482284
new 2,482284,483308
new 2,483308,484332
new 2,484332,485356
new 2,485356,486380
new 2,486380,487404
new 2,487404,488428
new 2,488428,489452
new 2,489452,490476
new 2,490476,491500
new 4,491500,491521,492026,493029
new 2,493029,494053
new 2,494053,495077
new 2,495077,496101
new 2,496101,497125
new 2,497125,498149
new 2,498149,499173
new 2,499173,500197
new 2,500197,501221
new 2,501221,502245
new 2,502245,503269
new 2,503269,504293
new 2,504293,505317
new 2,505317,506341
new 2,506341,507365
new 2,507365,508389
new 2,508389,509413
new 2,509413,510437
new 2,510437,511461
new 2,511461,512485
new 2,512485,513509
new 2,513509,514533
new 2,514533,515557
new 2,515557,516581
new 2,516581,517605
new 2,517605,518629
new 2,518629,519653
new 2,519653,520677
new 2,520677,521701
new 2,521701,522725
new 2,522725,523749
new 4,523749,524289,524794,525278
new 2,525278,526302
new 2,526302,527326
new 2,527326,528350
new 2,528350,529374
new 2,529374,530398
new 2,530398,531422
new 2,531422,532446
new 2,532446,533470
new 2,533470,534494
new 2,534494,535518
new 2,535518,536542
new 2,536542,537566
new 2,537566,538590
new 2,538590,539614
new 2,539614,540638
new 2,540638,541662
new 2,541662,542686
new 2,542686,543710
new 2,543710,544734
new 2,544734,545758
new 2,545758,546782
new 2,546782,547806
new 2,547806,548830
new 2,548830,549854
new 2,549854,550878
new 2,550878,551902
new 2,551902,552926
new 2,552926,553950
new 2,553950,554974
new 2,554974,555998
new 2,555998,557022
new 4,557022,557057,557562,558551
new 2,558551,559575
new 2,559575,560599
new 2,560599,561623
new 2,561623,562647
new 2,562647,563671
new 2,563671,564695
new 2,564695,565719
new 2,565719,566743
new 2,566743,567767
new 2,567767,568791
new 2,568791,569815
new 2,569815,570839
new 2,570839,571863
new 2,571863,572887
new 2,572887,573911
new 2,573911,574935
new 2,574935,575959
new 2,575959,576983
new 2,576983,578007
new 2,578007,579031
new 2,579031,580055
new 2,580055,581079
new 2,581079,582103
new 2,582103,583127
new 2,583127,584151
new 2,584151,585175
new 2,585175,586199
new 2,586199,587223
new 2,587223,588247
new 2,588247,589271
new 4,589271,589825,590330,590800
new 2,590800,591824
new 2,591824,592848
new 2,592848,593872
new 2,593872,594896
new 2,594896,595920
new 2,595920,596944
new 2,596944,597968
new 2,597968,598992
new 2,598992,600016
new 2,600016,601040
new 2,601040,602064
new 2,602064,603088
new 2,603088,604112
new 2,604112,605136
new 2,605136,606160
new 2,606160,607184
new 2,607184,608208
new 2,608208,609232
new 2,609232,610256
new 2,610256,611280
new 2,611280,612304
new 2,612304,613328
new 2,613328,614352
new 2,614352,615376
new 2,615376,616400
new 2,616400,617424
new 2,617424,618448
new 2,618448,619472
new 2,619472,620496
new 2,620496,621520
new 2,621520,622544
new 4,622544,622593,623098,624073
new 2,624073,625097
new 2,625097,626121
new 2,626121,627145
new 2,627145,628169
new 2,628169,629193
new 2,629193,630217
new 2,630217,631241
new 2,631241,632265
new 2,632265,633289
new 2,633289,634313
new 2,634313,635337
new 2,635337,636361
new 2,636361,637385
new 2,637385,638409
new 2,638409,639433
new 2,639433,640457
new 2,640457,641481
new 2,641481,642505
new 2,642505,643529
new 2,643529,644553
new 2,644553,645577
new 2,645577,646601
new 2,646601,647625
new 2,647625,648649
new 2,648649,649673
new 2,649673,650697
new 2,650697,651721
new 2,651721,652745
new 2,652745,653769
new 2,653769,654793
new 4,654793,655361,655866,656322
new 2,656322,657346
new 2,657346,658370
new 2,658370,659394
new 2,659394,660418
new 2,660418,661442
new 2,661442,662466
new 2,662466,663490
new 2,663490,664514
new 2,664514,665538
new 2,665538,666562
new 2,666562,667586
new 2,667586,668610
new 2,668610,669634
new 2,669634,670658
new 2,670658,671682
new 2,671682,672706
new 2,672706,673730
new 2,673730,674754
new 2,674754,675778
new 2,675778,676802
new 2,676802,677826
new 2,677826,678850
new 2,678850,679874
new 2,679874,680898
new 2,680898,681922
new 2,681922,682946
new 2,682946,683970
new 2,683970,684994
new 2,684994,686018
new 2,686018,687042
new 2,687042,688066
new 4,688066,688129,688634,689595
new 2,689595,690619
new 2,690619,691643
new 2,691643,692667
new 2,692667,693691
new 2,693691,694715
new 2,694715,695739
new 2,695739,696763
new 2,696763,697787
new 2,697787,698811
new 2,698811,699835
new 2,699835,700859
new 2,700859,701883
new 2,701883,702907
new 2,702907,703931
new 2,703931,704955
new 2,704955,705979
new 2,705979,707003
new 2,707003,708027
new 2,708027,709051
new 2,709051,710075
new 2,710075,711099
new 2,711099,712123
new 2,712123,713147
new 2,713147,714171
new 2,714171,715195
new 2,715195,716219
new 2,716219,717243
new 2,717243,718267
new 2,718267,719291
new 2,719291,720315
new 4,720315,720897,721402,721844
new 2,721844,722868
new 2,722868,723892
new 2,723892,724916
new 2,724916,725940
new 2,725940,726964
new 2,726964,727988
new 2,727988,729012
new 2,729012,730036
new 2,730036,731060
new 2,731060,732084
new 2,732084,733108
new 2,733108,734132
new 2,734132,735156
new 2,735156,736180
new 2,736180,737204
new 2,737204,738228
new 2,738228,739252
new 2,739252,740276
new 2,740276,741300
new 2,741300,742324
new 2,742324,743348
new 2,743348,744372
new 2,744372,745396
new 2,745396,746420
new 2,746420,747444
new 2,747444,748468
new 2,748468,749492
new 2,749492,750516
new 2,750516,751540
new 2,751540,752564
new 2,752564,753588
new 4,753588,753665,754170,755117
new 2,755117,756141
new 2,756141,757165
new 2,757165,758189
new 2,758189,759213
new 2,759213,760237
new 2,760237,761261
new 2,761261,762285
new 2,762285,763309
new 2,763309,764333
new 2,764333,765357
new 2,765357,766381
new 2,766381,767405
new 2,767405,768429
new 2,768429,769453
new 2,769453,770477
new 2,770477,771501
new 2,771501,772525
new 2,772525,773549
new 2,773549,774573
new 2,774573,775597
new 2,775597,776621
new 2,776621,777645
new 2,777645,778669
new 2,778669,779693
new 2,779693,780717
new 2,780717,781741
new 2,781741,782765
new 2,782765,783789
new 2,783789,784813
new 2,784813,785837
new 4,785837,786433,786938,787366
new 2,787366,788390
new 2,788390,789414
new 2,789414,790438
new 2,790438,791462
new 2,791462,792486
new 2,792486,793510
new 2,793510,794534
new 2,794534,795558
new 2,795558,796582
new 2,796582,797606
new 2,797606,798630
new 2,798630,799654
new 2,799654,800678
new 2,800678,801702
new 2,801702,802726
new 2,802726,803750
new 2,803750,804774
new 2,804774,805798
new 2,805798,806822
new 2,806822,807846
new 2,807846,808870
new 2,808870,809894
new 2,809894,810918
new 2,810918,811942
new 2,811942,812966
new 2,812966,813990
new 2,813990,815014
new 2,815014,816038
new 2,816038,817062
new 2,817062,818086
new 2,818086,819110
new 4,819110,819203,819708,820639
new 2,820639,821663
new 2,821663,822687
new 2,822687,823711
new 2,823711,824735
new 2,824735,825759
new 2,825759,826783
new 2,826783,827807
new 2,827807,828831
new 2,828831,829855
new 2,829855,830879
new 2,830879,831903
new 2,831903,832927
new 2,832927,833951
new 2,833951,834975
new 2,834975,835999
new 2,835999,837023
new 2,837023,838047
new 2,838047,839071
new 2,839071,840095
new 2,840095,841119
new 2,841119,842143
new 2,842143,843167
new 2,843167,844191
new 2,844191,845215
new 2,845215,846239
new 2,846239,847263
new 2,847263,848287
new 2,848287,849311
new 2,849311,850335
new 2,850335,851359
new 4,851359,851969,852474,852888
new 2,852888,853912
new 2,853912,854936
new 2,854936,855960
new 2,855960,856984
new 2,856984,858008
new 2,858008,859032
new 2,859032,860056
new 2,860056,861080
new 2,861080,862104
new 2,862104,863128
new 2,863128,864152
new 2,864152,865176
new 2,865176,866200
new 2,866200,867224
new 2,867224,868248
new 2,868248,869272
new 2,869272,870296
new 2,870296,871320
new 2,871320,872344
new 2,872344,873368
new 2,873368,874392
new 2,874392,875416
new 2,875416,876440
new 2,876440,877464
new 6,877464,877981,884736,884739,903007,903511
new 2,903511,904535
new 2,904535,905559
new 2,905559,906583
new 2,906583,907607
new 2,907607,908631
new 2,908631,909655
new 2,909655,910679
new 2,910679,911703
new 2,911703,912727
new 2,912727,913751
new 2,913751,914775
new 2,914775,915799
new 2,915799,916823
new 4,916823,917316,917503,917504
zero 6,430,508,32771,33276,65537,65978
zero 6,65978,66042,98307,98812,131073,131528
zero 6,131528,131578,163843,164348,196609,197078
zero 6,197078,197114,229379,229884,262145,262628
zero 6,262628,262650,294915,295420,327681,328178
zero 8,328178,328186,360449,360954,393217,393722,425985,425991
zero 6,425991,426490,458753,459258,491521,491541
zero 6,491541,492026,524289,524794,557057,557091
zero 6,557091,557562,589825,590330,622593,622641
zero 6,622641,623098,655361,655866,688129,688191
zero 6,688191,688634,720897,721402,753665,753741
zero 6,753741,754170,786433,786938,819203,819293
zero 6,819293,819708,851969,852474,877981,878085
zero 6,878085,878493,884224,884736,884739,884843
zero 6,884843,885251,902495,903007,917316,917420
zero 2,917420,917503
