4
271364
0
0
erase 6,262576,294400,295426,359936,360961,386479
new 4,0,185,508,1347
new 2,1347,2371
new 2,2371,3395
new 2,3395,4419
new 2,4419,5443
new 2,5443,6467
new 2,6467,7491
new 2,7491,8515
new 2,8515,9539
new 2,9539,10563
new 2,10563,11587
new 2,11587,12611
new 2,12611,13635
new 2,13635,14659
new 2,14659,15683
new 2,15683,16707
new 2,16707,17731
new 2,17731,18755
new 2,18755,19779
new 2,19779,20803
new 2,20803,21827
new 2,21827,22851
new 2,22851,23875
new 2,23875,24899
new 2,24899,25923
new 2,25923,26947
new 2,26947,27971
new 2,27971,28995
new 2,28995,30019
new 2,30019,31043
new 2,31043,32067
new 4,32067,32771,33276,33596
new 2,33596,34620
new 2,34620,35644
new 2,35644,36668
new 2,36668,37692
new 2,37692,38716
new 2,38716,39740
new 2,39740,40764
new 2,40764,41788
new 2,41788,42812
new 2,42812,43836
new 2,43836,44860
new 2,44860,45884
new 2,45884,46908
new 2,46908,47932
new 2,47932,48956
new 2,48956,49980
new 2,49980,51004
new 2,51004,52028
new 2,52028,53052
new 2,53052,54076
new 2,54076,55100
new 2,55100,56124
new 2,56124,57148
new 2,57148,58172
new 2,58172,59196
new 2,59196,60220
new 2,60220,61244
new 2,61244,62268
new 2,62268,63292
new 2,63292,64316
new 2,64316,65340
new 4,65340,65537,66042,66869
new 2,66869,67893
new 2,67893,68917
new 2,68917,69941
new 2,69941,70965
new 2,70965,71989
new 2,71989,73013
new 2,73013,74037
new 2,74037,75061
new 2,75061,76085
new 2,76085,77109
new 2,77109,78133
new 2,78133,79157
new 2,79157,80181
new 2,80181,81205
new 2,81205,82229
new 2,82229,83253
new 2,83253,84277
new 2,84277,85301
new 2,85301,86325
new 2,86325,87349
new 2,87349,88373
new 2,88373,89397
new 2,89397,90421
new 2,90421,91445
new 2,91445,92469
new 2,92469,93493
new 2,93493,94517
new 2,94517,95541
new 2,95541,96565
new 2,96565,97589
new 4,97589,98307,98812,99118
new 2,99118,100142
new 2,100142,101166
new 2,101166,102190
new 2,102190,103214
new 2,103214,104238
new 2,104238,105262
new 2,105262,106286
new 2,106286,107310
new 2,107310,108334
new 2,108334,109358
new 2,109358,110382
new 2,110382,111406
new 2,111406,112430
new 2,112430,113454
new 2,113454,114478
new 2,114478,115502
new 2,115502,116526
new 2,116526,117550
new 2,117550,118574
new 2,118574,119598
new 2,119598,120622
new 2,120622,121646
new 2,121646,122670
new 2,122670,123694
new 2,123694,124718
new 2,124718,125742
new 2,125742,126766
new 2,126766,127790
new 2,127790,128814
new 2,128814,129838
new 2,129838,130862
new 4,130862,131073,131578,132391
new 2,132391,133415
new 2,133415,134439
new 2,134439,135463
new 2,135463,136487
new 2,136487,137511
new 2,137511,138535
new 2,138535,139559
new 2,139559,140583
new 2,140583,141607
new 2,141607,142631
new 2,142631,143655
new 2,143655,144679
new 2,144679,145703
new 2,145703,146727
new 2,146727,147751
new 2,147751,148775
new 2,148775,149799
new 2,149799,150823
new 2,150823,151847
new 2,151847,152871
new 2,152871,153895
new 2,153895,154919
new 2,154919,155943
new 2,155943,156967
new 2,156967,157991
new 2,157991,159015
new 2,159015,160039
new 2,160039,161063
new 2,161063,162087
new 2,162087,163111
new 4,163111,163843,164348,164640
new 2,164640,165664
new 2,165664,166688
new 2,166688,167712
new 2,167712,168736
new 2,168736,169760
new 2,169760,170784
new 2,170784,171808
new 2,171808,172832
new 2,172832,173856
new 2,173856,174880
new 2,174880,175904
new 2,175904,176928
new 2,176928,177952
new 2,177952,178976
new 2,178976,180000
new 2,180000,181024
new 2,181024,182048
new 2,182048,183072
new 2,183072,184096
new 2,184096,185120
new 2,185120,186144
new 2,186144,187168
new 2,187168,188192
new 2,188192,189216
new 2,189216,190240
new 2,190240,191264
new 2,191264,192288
new 2,192288,193312
new 2,193312,194336
new 2,194336,195360
new 2,195360,196384
new 4,196384,196609,197114,197913
new 2,197913,198937
new 2,198937,199961
new 2,199961,200985
new 2,200985,202009
new 2,202009,203033
new 2,203033,204057
new 2,204057,205081
new 2,205081,206105
new 2,206105,207129
new 2,207129,208153
new 2,208153,209177
new 2,209177,210201
new 2,210201,211225
new 2,211225,212249
new 2,212249,213273
new 2,213273,214297
new 2,214297,215321
new 2,215321,216345
new 2,216345,217369
new 2,217369,218393
new 2,218393,219417
new 2,219417,220441
new 2,220441,221465
new 2,221465,222489
new 2,222489,223513
new 2,223513,224537
new 2,224537,225561
new 2,225561,226585
new 2,226585,227609
new 2,227609,228633
new 4,228633,229379,229884,230162
new 2,230162,231186
new 2,231186,232210
new 2,232210,233234
new 2,233234,234258
new 2,234258,235282
new 2,235282,236306
new 2,236306,237330
new 2,237330,238354
new 2,238354,239378
new 2,239378,240402
new 2,240402,241426
new 2,241426,242450
new 2,242450,243474
new 2,243474,244498
new 2,244498,245522
new 2,245522,246546
new 2,246546,247570
new 2,247570,248594
new 2,248594,249618
new 2,249618,250642
new 2,250642,251666
new 2,251666,252690
new 2,252690,253714
new 2,253714,254738
new 2,254738,255762
new 2,255762,256786
new 2,256786,257810
new 2,257810,258834
new 2,258834,259858
new 2,259858,260882
new 2,260882,261906
new 8,261906,262064,294912,294914,360448,360449,386991,387854
new 2,387854,388878
new 2,388878,389902
new 2,389902,390926
new 2,390926,391950
new 2,391950,392974
new 4,392974,393125,393215,393216
zero 6,185,508,32771,33276,65537,65733
zero 6,65733,66042,98307,98812,131073,131283
zero 6,131283,131578,163843,164348,196609,196833
zero 6,196833,197114,229379,229884,262064,262302
zero 6,262302,262576,294400,294912,294914,295152
zero 6,295152,295426,359936,360448,360449,360687
zero 6,360687,360961,386479,386991,393125,393215
